added: 0.548808973008306
added: 0.15411773131332696
triggered: 0.548808973008306
triggered: 0.548808973008306
